2400
48
72
72
1608
48 336
48 120 264 336 528 600 768 1032 1176 1248 1320
96 264 432 624 816
120 384 552 720 888 1104 1296
48 192 264 432
48 144 336 480 744 816 1128 1752
120 288 600 720 816 1008 1104 1272 1512 1608
96 192 312 480 744 912 984 1224 1392 1464 1680
96 264 528 696 768 1008 1176 1248 1464 1584 1680
96 240 480 552 624 720 840 960 1128 1320 1464 1656
48 360
48 144 432 624 696 792 1104 1488 1560
72 144 552 624 720 912 1080 1344 1464 1656
48 312 624
48 120 336
48 312 384 624
48 216 408
48 240
48 336 432 600 672 936 1032 1224 1296 1392 1512 1656
48 120 216 336 408 576 888 1008 1296 1392 1608
48 120 336 456 552 696 792 1056 1128 1248 1512
48 264 336 480 552 768 840 1128 1416 1560
48 240 312 408 552 624 744 1008 1128 1416 1584
144 408 576 648 888 1056 1128 1344 1464 1560 1680
240 312 432 696 888 1176 1464
288 480 552 768 912 1008 1152 1224 1344 1512 1608
288 408 648 720 936 1008 1200 1440 1608
240 360 552 648 720 1128 1200 1296 1488 1656
168 288 480 648 960 1056 1272 1344
144 216 336 528 600 720 1008 1176 1248 1416
144 312 432 576 744 864 984 1080 1200 1344 1440 1584 1656
144 216 312 504 696 816 1056 1200 1272 1488 1560 1656
144 288 408 648 792 864 984 1224 1344 1488 1536 1680
168 360 432 480 624 768 960 1176 1272 1416 1560
96 288 384 672 960 1032 1128 1296 1464 1536 1632
144 216 408 720 936 1272 1488 1560 1656
120 192 288 600 720 936 1008 1104 1416 1488
120 192 288 432 552 744 912 1152 1224 1320 1512 1632
216 360 408 504 744 888 1032 1104 1200 1440 1512
216 336 624 744 960 1128 1200 1296 1368 1440
216 288 528 600 696 816 936 1200 1272 1440 1512
192 264 360 672 744 888 960 1056 1368 1488
216 384 576 720 840 1128 1248 1392 1512 1608
216 288 648
216 288 384 600 696
216 288 384 576 696 840 912 1008 1152 1272 1464 1632
336 624 744 840 960 1056 1224 1392 1560
168 240 336 624 696 816 1032 1296 1416 1488
144 240 456 528 888 960 1224 1344 1416 1560 1656
168 264 504 648 936 1272 1608
168 216 504 624 696 936 1200 1368 1632
168 264 432 696 744 1008 1176 1440
168 264 576 768 840 984 1272 1440 1608
168 264 552 840 912 1008 1176 1344 1416 1512 1632
120 240 336 576 744 936 1080 1200 1488 1608
240 312 384 600 720 816 960 1056 1320 1392 1512
216 360 408 528 600 720 960 1032 1368 1464 1656
240 432
240 432 528 672 744 864
216 360 432 552 792 912 1056 1104 1248 1416 1560 1680
240 432 720 1008 1272 1344 1464
216 312 408 624 840 1128 1416 1560 1680
216 312 432 528 648 768 960 1032 1080 1344 1512 1584
240 336 528 720 816 1056 1128 1224 1368 1440 1560
336 432 552 864 936 1248 1320 1416 1608
216 312 432 600 720 816 1080 1224 1392 1512 1632
216 312 552 792 984 1128 1248
216 288 504 576 768 1008 1176 1488 1608
240 360 648 816 888 1080 1152 1248 1392 1464 1584
240 360 648 816 888 1080 1152 1248 1392 1464 1584
240 408 480 720 888 960 1176 1296 1392 1512 1680
216 336 456 528 672 792 888 1080 1152 1248 1488 1608 1680
240 480 576 912
240 480 576 672 864 936 1152 1224 1392 1536 1656
216 288 504 576 672 792 864 960 1104 1176 1272 1392 1488 1608
216 288 480 552 888 1032 1104 1200 1440 1512 1632
216 288 552 840 936 1080 1152 1344 1416 1512
240 432 672 768 936 1008 1248 1344 1488 1560 1680
216 288 624 720 912 1152 1296 1344 1464 1536 1656
216 288 432 528 624 816 1080 1296 1440 1560
240 456 600 720 960 1032 1176 1272 1368 1560
216 360 600 672 960 1032 1152 1392 1536 1656
216 360 600 672 744 840 1128 1296 1440 1560
240 360 432 504 792 936 1272 1368 1560
216 480 720 888 960 1104 1200 1368 1512 1632
240 336 528 600 768 840 1080 1176 1320 1392 1512
216 360 504 576 672 912 984 1224 1368 1416 1512
240 432 696 768 840 936 1224 1368 1488
216 336 408 648 768 888 960 1104 1224 1320 1512 1584 1680
216 336 480 528 672 840 984 1104 1344 1488 1560 1680
144 264 504 648 720 1008 1104 1368 1608
144 216 360 456 624 768 888 1128 1392 1632
144 216 384 504 792 1104 1440 1608
168 288 456 672 936 1008 1104 1224 1416 1488 1584
168 480 696 1032 1248 1320 1416 1584 1656
192 312 408 600 888 960 1272 1344 1392 1608
144 408 480 576 888 960 1008 1176 1296 1560
120 216 312 384 480 624 792 984 1056 1176 1464
120 192 480 576 840 1080 1248 1368 1608
120 192 312 528 648 744 960
144 288 408 624 720 984 1272 1416 1536 1608
96 240 312 408 696 768 864 936 984 1272 1416
120 240 528 648 792 912 1008 1248 1416 1608
192 312 600 768 864 936 1176 1464 1584
144 216 504 696 768 864 1056 1128 1224 1584 1680
192 264 360 672 888 1008 1080 1176 1344 1512 1584
120 216 384 576 840 912 1176 1248 1344 1560 1632
96 192 312 408 576 744 912 1272 1560
144 408 528 720 816 888 1296 1368 1464 1656
144 384 456 552 744 864 1008 1080 1176 1320 1440 1632
144 336 480 600 888 1008 1152 1272 1368 1608
96 240 408 528 624 984 1056
72 216 384 576 648 840 1104 1296 1584
72 288 360 504 600 768 960 1224 1296 1560 1632
72 240 312 504 816 1032 1368 1584 1656
96 192 312 576 744 816 984 1104 1200 1512 1584
72 240 312 480 768 840 960 1152 1224 1320 1464 1536
72 360 480 576 768 888 984 1200 1296 1512 1584
72 360 432 528 696 792 1080 1176 1248 1296 1440 1656
72 360 504 624 888 1080 1344 1416 1488
72 384 528 648 744 984 1080 1176 1368 1608
72 264 336 384 576 672 936 1224 1344 1440 1584
72 264 504 600 912 1056 1176 1272 1512 1608
72 240 504 552 816 984 1248 1440
96 192 264 432 528 672 984 1200 1368 1560 1632
72 192 336 408 696 792 960 1032 1296 1392 1584 1656
96 168 336 456 552 720 840 984 1080 1248 1440 1632
72 312 408 504 696 936 1032 1344 1488 1608
72 312 384 624 720 888 1080 1152 1440 1680
72 288 504 792 1080 1224 1344 1584 1680
72 264 456 552 696 1248 1440 1560
72 144 240 456 600 672 936 1008 1128 1272 1344 1512 1632
72 216 528 672 864 960 1296 1392 1464 1536 1632
72 216 504 672 864 984 1080 1344 1416
72 216 384 528 600 912 984 1296 1512 1680
72 216 408 528 696 768 912 1224 1440 1608 1680
72 216 384 504 600 888 936 1272 1416 1584 1680
72 216 528 744 912 1104 1176 1296 1392 1464 1632
72 216 384 576 648 768 1056 1200 1296 1392 1464
72 192 432 576 672 888 1080 1176 1512 1584
72 192 408 744 816 912 1128 1200
72 240 456 648 720 840 1152 1224 1272 1512 1632
72 312 384 504 744 816 1008 1080 1416 1560 1632
72 336 480 648 768 888 1128 1224 1344 1512 1632
72 264 528 792 1080 1176 1272 1464 1560
72 312 600 696 864 936 984 1104 1248 1320
72 240 432 744 816 912 1104 1176 1272 1488 1560
72 192 528 624 912 1200 1296 1584 1656
72 240 312 504 768 888 1128 1320 1488 1584 1656
96 168 312 408 648 888 1056 1128 1224 1560 1632
72 192 504 576 888 960 1056 1248 1608
72 168 264 336 432 528 600 864 936 1200 1392 1464
144 312 384 504 696 768 888 1176 1344 1416
144 240 456 552 744 888 1008 1296 1440
240 336 480 576 720 792 984 1176 1440 1560
240 360 432 576 672 840 936 1152 1224 1584 1656
240 312 528 792 840 1128 1200 1392 1464 1512 1680
120 336 432 600 792 984 1056 1104 1392 1536 1632
120 192 288 456 528 696 984 1056 1176 1368 1440 1536
120 192 288 576 648 744 816 864 1152 1296 1416
360 432 576 672 960 1056 1344 1440
168 288 384 576 768 864 1008 1560
168 240 336 432 528 600 696 792 864 1128 1200 1464
144 264 408 576 696 816 912 1032 1176 1272 1416 1488 1656
240 360 456 768 864 1056 1152 1344 1440 1584
168 264 408 672 792 888 1200 1296 1488 1584
168 288 648 840 1104 1224 1464 1632
240 336 552 624 720 1056 1152 1296 1488 1560
48 144 240 456 600
48 144 264 360 672 744 864 1152 1248 1344 1536 1632
120 192 312 672 744 840 1128 1248 1392 1608
48 216 312 576 864 936 1128 1200 1320 1488 1584
48 168 456 576 768 864 1104 1176 1224 1512
48 120 216 408 480 768 840 1008 1128 1200 1344 1560
48 120 216 336 408 528 840
48 240 312 408 552 624 744 1008 1128 1416 1584
120 192 504 576 888 1104 1272 1368 1512 1680
144 336 600 672 936 1008 1104 1320 1392 1536 1632
192 336 408 528 888 960 1056 1344 1464 1608
144 456 552 768 840 1032 1152 1344
168 264 360 648 912 1152 1224 1560
144 216 312 624 720 960 1056 1344 1560 1632
144 216 312 624 720 984 1056 1344 1584 1656
144 312 480 696 888 1032 1296
72 192 288 384 504 648 936 1128 1344 1608 1680
120 168 312 480 624 744 984 1128 1200 1320 1560 1680
168 240 528 768 864 1104 1176 1416 1512 1680
168 240 288 432 576 768 984 1080 1224 1368 1560
192 408 504 600 1008 1128 1320 1392 1488 1656
72 168 360 432 648 720 888 1032 1152 1416 1656
72 216 384 696 816 912 1104 1200 1368 1608
48 120 408 552 888 984 1176 1440 1560
48 120 360 480 768 888 1104 1272 1344 1440
48 288 576 696 912 1032 1320 1488 1584
96 168 288 600 672 744 840
96 168 336 648 768 1056 1152 1368 1440 1512 1608
120 192 360 528 648 792 960 1080 1200 1296 1416 1560 1656
144 240 312 408 576 648 840 1104 1224 1464 1656
144 216 312 432 624 720 1008 1296 1368 1464 1632
144 264 552 624 696 888 960 1056 1272 1584
120 216 384 528 648 888 1152 1392 1560 1632
168 432 744 816 1032 1128 1296
168 312 432 720 840 984 1104 1200 1440 1608
168 336 600 720 912 1008 1080 1488 1560 1656
168 336 576 648 744 936 1056 1200 1272 1368 1512 1632
168 240 336 552 648 720
384 456 552 744 912 1176 1296 1488 1584 1656
144 216 480 576 768 840 936 1056 1200 1272 1560 1656
144 240 312 480 576 840 1128 1200 1392 1464 1584
120 192 288 384 600
144 336 432 744 936 1008 1152 1440 1608
144 240 528 624 696 744 888 1104 1200 1488 1560 1656
144 240 504 600 720 984 1320 1680
144 336 408 696 936 1032 1272 1344 1584 1680
168 384 480 624 768 960 1152 1224 1272 1416 1560
144 408 480 528 816 1056 1272 1392 1560
144 216 384 672 744 864 1056 1128 1224 1368 1440 1536
168 240 408 672 864 936 1128 1200 1344 1632
96 192 504 576 696 792 912 1176 1344 1416 1584
96 192 552 624 744 888 1056
96 192 360 480 624 720 888 1080 1272 1392 1464 1632
96 240 408
96 240 336 504 696 888 1008 1080 1248 1368 1464 1632
120 288 408 504 864 936 1056
96 168 312 528 600 672 768 960 1032 1320 1392 1560
528 720 840 936 1128 1320 1416 1560
264 336 432 504 552 840 984 1104 1248 1320 1416
264 336 408 600 672 768 984 1296 1464 1584
288 360 456 648 768 912 1128 1200 1368 1632
288 432 624 720 1056 1152 1224 1296 1392 1488 1632
192 312 408 624 768 840 960
240 336 552 600 888 1032 1224 1320 1512 1584 1632
240 432 672 864 936 1056 1344 1416 1536 1584
240 552 624
288 624 792 960 1032 1200 1320 1608
240 528 600 864 984 1080 1152 1392 1464 1584
240 528 624 720 912 1008 1104 1296 1560
240 528 600 792 864 984 1152 1248 1320 1488 1584
240 528 648 744 888 984 1176 1248 1296 1488 1584
240 528 648 792 1080 1392 1464 1584
240 528 600 816 912 1152 1272 1368 1512 1608
240 528 672 792 864 1032 1176 1296 1512 1608
240 552 624 840 936 1104 1296
240 576 936 1104 1200 1464 1560 1680
240 432 672 960 1176 1272 1464 1536 1584
240 432 648 816 888 960 1032 1080 1248 1392 1512 1608
240 432 672 768 1080 1152 1248 1440 1512 1560
240 336 480 624 744 936 1008 1224 1296 1560 1656
240 480 648 768 1008 1152 1224 1512 1608
240 360 624 720 864 960 1104 1176 1368 1560
192 312 408 552 648 912 984 1104 1368 1440 1512
144 264 360 432 528 744 888 960 1224 1296 1416 1560 1632
264 456 552 768 1008 1272 1344 1440
240 312 408 624 696 840 936 1104 1296 1560 1632
240 312 696 792 984 1080 1128 1392 1608
240 312 432 576 648 816 936 1032 1104 1200 1416 1560 1632
240 312 432 696 768 840 1056 1176 1272 1416 1512
240 312 456 552 984 1080 1272 1536 1608
240 312 480 912 1296 1560 1632
240 360 456 528 768 840 960 1224 1512 1584
216 288 624 816 912 1008 1296 1560
312 504 768 1056 1272 1536 1608
312 528 648 720 840 1056 1152
264 336 456 744 864 1056 1152 1392 1464 1512
264 552 816 888 1008 1272 1464
168 384 648 720 816 936 1032 1128 1248 1392 1680
192 288 480 552 792 1008 1080 1176 1368 1512
216 384 648 720 840 1104 1368 1560 1632
288 384 600 672 744 792 1128 1248 1296 1608 1680
264 312 648 792 960 1056 1152 1296 1464 1584 1680
312 576 840 912 1128 1224 1488 1560 1656
288 432 528 816 1056 1128 1224 1320 1392 1512 1584 1680
288 456 576 864 936 1008 1200 1272 1368 1584
312 384 504 576 720 816 1056 1296 1464 1536 1632
288 360 408 576 696 960 1128 1392 1464 1560
288 360 504 576 672 984 1104 1320 1392 1488
288 360 672 768 984 1056 1128 1176 1512 1632 1680
336 504
312 408 480 552 648 744 888 1200 1344 1536 1632
288 360 480 696 912 1176 1272 1536 1632
288 360 480 792 864 1032 1128 1368 1584 1680
288 360 480 768 864 960 1152 1248 1320 1416 1536 1632
312 432 480 792 864 1176 1272 1488 1560 1632 1680
288 360 456 672
336 576 648
336 432 600 672 960 1152 1224 1320 1512 1584 1680
312 384 528 864 936 1152 1248 1320 1392 1512
312 384 480 600 840 984 1080 1296 1488 1584
312 408 552 744 816 1080 1176 1392 1464 1560
336 480 576 672 936 1032 1224 1488 1584
288 360 432 528 648 720 840
264 504 720 840 1008 1176 1440 1512 1560
312 504 600 840 984 1272 1608
264 408 504 600 672 768 912 1080 1272 1344 1464
264 360 456 648 744 816 912 1032 1128 1440 1512 1632
264 504 600 840 912 1152 1248 1416 1608 1680
264 528 768 840 1176 1368 1464 1560
264 432 528 600 840 1128 1248 1464 1584
264 432 504 696 768 864 1008 1080 1200 1464 1584
264 432 504 696 768 864 1008 1080 1200 1464 1584
288 360 528 624 864 1080 1176 1488 1560 1680
288 360 480 576 696 960 1128 1200 1368 1488 1584
264 600 936 1128 1224 1464 1608
264 432 504 672 840 912 1032 1224 1296 1416
264 360 504 576 768 840 936 1176 1248 1512
264 360 648 720 816 936 1272 1368 1656
312 456 624 720 816 960 1128 1248 1344 1632 1680
264 408 480 696 768 912 984 1200 1272 1560
264 384 528 648 744 984 1152 1344 1488 1608
264 384 600 768 840 936 1008 1080 1320 1440
264 528 648 720 816 1056 1128 1224 1488 1560 1680
264 408 528 672 744 840 1128 1200 1296 1368 1416
264 408 504 648 864 960 1128 1320 1512 1584 1632
288 408 624 696 792 1104 1176 1320 1392 1488
264 384 480 672 792 888 1104 1200 1416 1488 1584
264 336 432 600 696 984 1080 1152 1200 1344 1560 1656
264 336 456 696 840 960 1200 1344 1584 1656
264 336 432 600 768 840 936 1056 1248 1344 1632
264 408 528 792 984 1248 1320 1392 1488
264 384 456 696 960 1128 1392 1584 1632
312 576 816 912
288 384 624 720 1008 1224 1296 1464 1536 1632
288 384 648 720 1008 1248 1320 1488 1560 1656
312 504 600 696 984 1248 1488 1560
312 384 600 696 768 840 960 1296 1368 1512
288 480 552 696 984 1152 1320 1512 1608
288 432 552 648 888 984 1080 1272 1512 1608
312 576 648 696 864 1104 1344 1440
168 240 408
192 288 528 648 744 888 984 1248 1536 1608
168 288 384 648 720 816 960 1248 1416
216 336 432 576 672 936 1224 1296 1512 1608
96 168 264 480 576 648 864 984 1104
96 168 288 528 600 936 1032 1224 1464 1608 1656
192 456 528 720 888
216 456 624 696 792 1128 1200 1320 1392 1536 1632
216 384 624 672 1032 1296 1608
216 312 456 624 936 1056 1152 1344 1440 1608
240 312 504 672 888
216 384 456 552 888 960 1080 1152 1296 1392 1632
240 312 408 528 624 720 840 984 1272 1464 1680
120 672 864 984 1080 1272 1464 1560
120 192 384 576 840 960 1224 1320 1464 1560
288 360 408 624 840 960 1056 1248 1536 1608
288 360 408 648 768 864 1032 1248 1440 1512 1632
264 432 624 744 840 1104 1176 1272 1416
120 336 432 720 792 888 1056 1152 1440 1536 1608 1656
168 240 336 528 648 816 1032 1296 1368 1464 1584
168 240 336 552 864 1032 1152 1440 1512 1584
144 408 552 624 696 768 840 984 1056 1248 1320
144 384 624 720 1056 1320 1392 1440
264 336 528 600 648 816 1080 1152 1368 1632 1680
264 336 648 720 768 984 1200 1320 1416 1608
96 216 408 480 528 792 960 1032 1272 1368 1488 1584
48 168 456 720 840 912 1008 1248 1320 1416 1680
144 216 288 408 480 624 840 912 1176 1272 1416
192
192 456 576 648 840 912 1008 1296 1368 1488
168 264 408 960 1152 1272 1368 1560
168 240 288 480 576 840 1128 1248 1344 1488 1584
168 432 720 936 1200 1272 1608
192 432 624 864 1080 1344 1440 1536
192 312 384 504 720 816 1152
120 336 408 672 768 912 1080 1152 1224 1344 1416
96 216 384 576 720 912 1032 1176 1416 1488 1560 1656
96 216 480 552 720 792 1032 1104 1344 1416 1512
144 264 552 864 1200 1368 1536 1608
144 312 504 600 912 1104 1176 1320 1608
168 264 360 552 816 1080 1368 1464 1560
264 336
216 384 672 840 960 1080 1272 1440 1560
240 408 480 648 768 864 1176 1248 1368 1464 1584
240 384 456 528 600 672 816 888 1080 1152 1320
240 384 480 696 912 1104 1176 1440 1632
264 360 744 816 960 1056 1344 1440
144 264 384 624 720 840 1008 1128 1224 1488 1632
168 408 504 816 960 1080 1176 1416 1512 1608
168 408 624 888 984 1080 1296 1536
264 456 672 936 1008 1104 1224 1320 1416 1536 1680
240 312 552 624
216 312 552 624 864 960 1128 1320 1392 1680
216 288 456 528 624 936 1032 1296 1368 1656
192 384 456 720 912 1176 1320 1416 1632
336 528 720 816 1008 1272 1416 1464
240 336 600 696 1008 1080 1200 1416 1632
240 336 528 600 696 816 960 1032 1320 1416 1584 1656
240 336 528 792 888 1248 1392 1488 1584
240 336 552 624 696 984 1344 1584 1656
264 336 504 624 696 840 1056 1128 1200 1296 1488 1560
264 456 528 624 816 888 984 1344 1440 1608 1680
264 408 744 840 1032 1296 1416 1488 1560
264 360 576 912 1056 1104 1344 1464
288 384 600 672 864 984 1176 1344
288 384 576 672 864 960 1104 1368 1488 1584
288 360 624
288 360 456 648 1008 1104 1224 1536 1608
288 360 456 648 720 840 912 1176 1488 1584
288 360 456 648 720 768 1032 1224 1464 1560
288 360 456 648 720 816 1032 1104 1200 1368 1560
264 576 912 1080 1248 1320 1488 1608
312 480 648 720 888 1008 1296 1608
288 360 480 744 1032 1152 1296 1584
264 336 600 720 816 888 1128 1200 1320 1584
264 360 456 648 744 840 1032 1296 1560
264 336 528 600 720 888 984 1056 1224 1320 1584
264 480 576 768 840 888 1152 1344 1584
264 336 456 504 768 960 1200 1392 1464 1584
264 360 528 600 864 960 1152 1224 1320 1440 1584 1656
312 456 504 744 864 1152 1248 1464
264 408 600 696 888 960 1008 1272 1368 1584 1632
264 384 576 672 912 984 1032 1320 1392 1512
264 384 480 624 720 912 984 1032 1224 1320 1584
264 384 528 816 1128 1200 1320 1584
264 336 552 648 888 1008 1104 1248 1344 1608
264 360 576 672 864 936 984 1056 1152 1368 1464
264 408 528 600 768 912 1032 1248 1344 1608
288 360 576 672 840 1032 1296
312 408 600 840 984 1032 1152 1224 1344 1584 1656
312 408 600 864 984 1056 1128 1416 1560
312 672 840 936 1200 1296 1416 1680
336 408 528 672 840 960 1056
96 192 456 648 864 1032 1104 1176 1248 1296 1464 1608
96 192 312 432 624 696 744 1008 1176 1248 1488 1584
96 192 408 504 720 792 888 1176 1296 1392 1584
96 264 336 480 792 1008 1176 1248 1344 1488 1680
96 408 480 552 648 768 840
96 384 552 648 720 960 1248 1368 1584
96 384 552 624 816 888 984 1128 1200 1320 1584
96 384 552 624 816 888 984 1128 1200 1320 1584
96 384 504 648 768 864 1104 1272 1464 1608
96 384 504 720 888 960 1056 1128 1200 1440
96 384 648 768 840 936 1176 1248 1344 1608 1680
96 216 288 384 600 696 768 984 1104
96 384 504 696 792 1032 1104 1152 1440 1512
96 192 384 456 552 792 912 984 1224 1344 1464 1536 1680
96 240 408 528 648 744 864 1008 1104 1248 1320 1488 1656
96 336 504 696 816 1176 1368 1632
96 336 408 576 648 840 936 984 1248 1464
264 504 576 744 816 912 1224 1320 1584 1656
264 480 552 720 792 888 1200 1296 1536 1632
144 336 408 600 864 1056 1344 1440 1584
120 192 384 456 552 792 864 1128 1416 1512
72 240 456 672 768 864 1272 1392 1584 1656
336 408 672 792 864 1008 1104 1272 1368 1584 1656
288 480 648 888 960 1080 1200 1440 1584 1680
144 288 360 672 744 1056 1272 1440 1536 1680
168 288 456 528 672 984 1200 1368 1440 1536 1680
144 408 456 720 888 1152 1344 1440
144 264 360 648 696 1032 1176 1344 1440 1536 1680
240 336 480 648 720 792 912 984 1128 1344 1416
168 432 552 816 912 1056 1152 1296 1368 1560
192 264 528 624 792 864 960 1152 1248 1560
96 168 360 432 528 816 888 1008 1224 1488
120 408 744 1080 1272 1368 1608
192 240 528 672 864 960 1152 1224 1272 1536 1632
192 264 312 456 600 768 960 1032 1248 1320 1464
144 216 456 552 696 768 888 1152 1344 1584 1680
144 216 456 552 696 768 888 1152 1248 1440 1512
144 216 456 624 696 912 1032 1128 1248 1416 1680
264 384 480 720 912
240 336 504 576 672 792 912 1032 1200 1320 1512
192 264 432 504 600 912 1008 1248 1344 1632
240 552 624 720 912 1032 1176 1392 1464 1632
240 312 648 840 1104 1392 1608
192 264 360 528 720 1032 1104 1200 1392 1464 1560
192 264 432 576 696 960 1200 1296 1392 1584 1656
240 336 504 600 816 888 1152 1224 1272 1512 1584
192 336 408 504 600
240 480 552 888 1080 1176 1272 1560
144 504 792 912 1008 1128 1224 1392 1560
144 336 408
144 336 456 552 816 888 984 1128 1416
168 264 480 720 984 1056 1152 1440
168 240 432 696 888 1176 1272 1416 1584
240 312 384 480 768 912 1032 1296 1488
216 408 552 672 912 1008 1248
216 312 456 528 648 912 1104 1344 1440 1608 1680
216 312 456 528 648 912 1008 1200 1272 1440 1512
216 384 456 672 792 888 1008 1176 1440 1608 1680
144 312 384 480 600 792 888 1176 1464 1536 1632
144 384 456 576 696 936 1080 1176 1488 1680
240 336 600 696 840 984 1104 1296 1368 1584 1656
120 192 360 480 576 648 744 960 1104 1176 1440 1512 1632
168 240 288 552 720 792 1032 1128 1248 1344 1464 1584
96 288 360 456 648 768 936 1152 1416 1488 1584
96 432 528 720 792 888 984 1104 1368 1440 1536
96 216 336 504 624 816 1080 1176 1344 1416 1512
144 408 480
144 216 456 528 768 840 936 1056 1176 1440 1512
144 360 624 696 888
168 264 312 576 792 1056 1128 1512 1608
168 264 312 576 792 912 1152 1224 1392 1464
216 288 336 624 696 816 1104 1224 1416 1512
216 408 696 816 912
120 384 456 768 864 1032 1272
120 384 456 768 1392 1464 1560 1752
120 312 432 648 816 1320 1416 1608
120 288 408
120 168 288 360 480 720 792 1128 1224 1416 1656
120 216 384 576 768 888 960 1128 1248 1344 1512 1632
96 240 312 600 696 864 936 1200 1296 1488 1560 1656
120 312 384 648 744 960 1032 1128 1464 1560
120 192 312 576 768 864
120 192 312 576 768 1008 1104 1272 1344 1584 1680
120 192 312 576 672 864 936 1104 1176 1416 1512
96 264 480 744 816 912 1032 1224 1296 1392 1584
168 264 504 576 672 816 888 1008 1272 1368 1560
264 456 528 624 936 1320 1392 1464 1560
120 168 528 720 912 1008 1200 1464
72 192 456 528 624 744 1080 1176 1368 1440 1536
192 264 360 480 552 648 792 864 960 1080 1176 1296 1536 1608
96 360 432 528 648 984 1080 1272 1344 1440 1536
120 192 360 432
120 216 456 696 864 936 1032 1368 1440 1560 1632
168 288 360 528 648 744 912 1032 1176 1272 1440 1632
168 480 552 648 840 912 1008 1224 1296 1392 1560
168 240 288 576 720 816 960 1176 1272 1440 1632
168 240 480 696 768 864 1056 1200 1416 1512
168 240 360 672 744 792 1032 1152 1248 1416 1632
168 432 552 792 960 1152 1272 1632
168 240 408 672 816 888 960 1032 1104 1248 1320
168 312 504 624 768 1008 1080 1152 1248 1368 1488 1656
168 312 432 672 768 1008 1248
144 384 432 792 1056 1368 1608
144 384 432 792 1056 1368 1536
144 240 312 552 840 960 1176 1296 1584
216 456 576 864 1128 1248 1368 1656
192 288 360 432 552 888 960 1104 1440 1512
72 360 408 744 888 1056 1152 1248 1392 1560 1680
72 336 408 528 816 1080 1200 1272 1368 1608 1680
72 168 312 384 552 672 888 960 1056 1200 1320 1488
96 192 432 528 624 816 1056 1152 1464 1608
96 168 336 480 600 816 912 1176 1464 1608
144 216 408 480 576 720 792 912 1176 1296 1584
144 216 408 480 576 720 792 912 1176 1296 1584
144 312 384 552 672 960 1272 1608
144 336 456 816 1008 1272 1392 1632
168 240 504 600 816 888 984 1320 1416 1560
168 288 528 672 744 960 1032 1128 1296 1368 1464 1656
240 456
240 360 600 768 960 1080 1440 1632
240 360 432 624 696 792 1080 1152 1272 1488
168 336 432 504 600 768 840 1032 1296 1416 1656
192 480 768 912 1032 1272 1368 1464 1680
72 168 312 624 768 960 1056 1392 1488 1560 1632
48 240 312 408 624 720
48 336 576 648 816 888 984 1296 1392 1656
240 312 624 720 888 1128 1272
240 312 624 1248 1320 1416 1608 1752
240 312 624 1248 1608
192 360 432 528 600 672 912 1032 1320 1440
192 288 552 624 720 1056 1320 1584 1656
48 216 312 552 768 864 1176 1248 1368 1680
48 96 264 504 744 840 1176 1440
48 96 240 456 552 840 912 1008 1176 1272 1560 1656
48 96 240 384 552 744 816 1032 1104 1248 1464
48 240 312 408 696 768 888 1104 1368 1488
48 144 432 552 696 912 1056 1128 1248 1608
48 168 312 480 600 696 1056
48 168 264 384 648 816 888 1056 1176 1272 1584
48 168 264 336 504 600 744 1056 1272 1440 1632
48 144 384 456 576 816 888 1080 1152 1488 1632
48 168 240 384 480 720 960 1128 1200 1296 1632
72 144 240 360 456 768 840 960 1248 1344 1440 1632
48 336 480 816 912 1104 1368 1488 1560
48 120 216 504 672 816 936 1176 1320 1560
48 288 360 456 576 696 960 1032 1200 1272 1512
48 288 552 720 984 1176 1224 1512 1632
48 168 432 720 840 984 1272 1584
48 144 336 408 696 768 936 1056 1128 1272 1488 1560
72 312 384 480 696
96 432 504 648 984 1056 1272 1368 1440 1512
72 360 576 648 816 888 984 1296 1392 1632
96 264 384 480 744 888 1056 1176 1296 1536 1632
288 504 576 840 936 1104 1176 1272 1464 1560
192 432 696 768 864 1152 1344 1440
168 432 624 912 1008 1152 1320 1512 1584
168 432 504 768 840 984 1080 1512 1608
144 240 480 696 792 1104 1176 1296 1608 1680
216 360 624 696 1008 1104 1272
72 168 360 456 552 744 1008 1272 1560
96 240 528 720 936 1200 1272 1368 1488 1584 1680
96 192 384 480 648 888 984 1128 1296 1608
96 192 288 408 552 840 1032 1248 1512 1584 1680
96 384 480 696 768 840 936 1056 1128 1296 1608
240 336 432 648 888 1080 1320 1536
264 480 744 816 1152 1344 1608
168 264 600 696 768 840 936 1032 1176 1488 1632
168 264 504 576 624 912 984 1104 1392 1512
168 264 456 528 576 840 936 1152 1200 1488 1632
192 312 432 552 624 720 936 1032 1104
192 288 480 552 600 672 768 984 1080 1368 1464
192 288 480 552 600 864 1056 1296 1584
240 384 432 792 984 1176 1272 1464
240 528 744 1008 1080 1416 1608
240 504 696 768 1008 1176 1440 1512 1632
240 288 552 720 984 1176 1272 1440
240 288 576 648 840 912 960 1128 1392 1464 1680
216 312 648 912
216 312 408 600 672 888 960 1128 1272 1392 1656
216 408 648 864 1128 1224 1320 1536
240 336 696 840 936 1032 1296 1392 1584
240 504 576 696 864 960 1152 1248 1464
216 384 696 816 1056 1128 1344 1416 1608
216 480 552 648 936 1128 1224 1440
240 432 720 816 960 1128 1320 1392 1584
312 648 840 936 1176 1320 1608
264 552 648 936 1008 1104 1224 1560 1656
264 552 696 768 984 1056 1200 1272 1488 1560
264 552 624 720 888 1056 1128 1224 1344 1536 1632
216 360 648 984 1320 1512 1608
216 312 624 768 888 984 1224 1320 1416 1608
216 432 696 792 888 1104 1344 1536
192 288 504 576 672 960 1080 1176 1368 1488 1584
216 288 384 480 552 672 744 840 1152 1296 1392 1680
312 528 600 696 864 936 1128 1440 1656
288 360 672 888 1056 1152 1296 1464 1608 1680
216 336 624 888 1008 1128 1416 1656
240 408 672 864 912 1200 1320 1392 1632
240 408 672 864 960 1128 1392 1440
288 504 744 960 1032 1200 1272 1488 1560 1656
288 504 840 1056 1128 1224 1392 1464 1656
288 504 624 696 792 960 1128 1200 1416 1488 1584
288 504 672 768 912 1080 1224 1296 1608 1680
288 504 672 864 936 1056 1152 1224 1392 1488 1632
288 504 672 744 840 984 1176 1296 1464 1536 1680
192 264 336 384 720 840 888 1200 1272 1584 1680
192 264 528 624 888 984 1128 1272 1392 1584 1656
288 360 648 1008 1080
168 240 576 720 792 888 1128 1200 1320 1560 1632
72 240 432 696 768 1032 1104 1200 1416 1488 1632
168 336 456 696 864 1152 1320 1440 1560
72 384 480 672 768 960 1056 1200 1464 1584
72 144 384 456 576 840 1128 1200 1464 1584
72 384 528 624 912 1152 1224 1320 1416 1488 1608 1680
72 408 480 600 672 816 912 1152 1392 1560 1632
72 384 456 504 672 792 1056 1224 1488 1560
72 408 504 648 840 912 1176 1272 1488 1560
72 432 576 672 768 1032 1128 1320 1584
72 312 384 480 744 816 936 1224 1488 1608 1680
72 168 384 528 600
72 168 360 624 840 984 1104 1344 1416 1560
72 240 312 360 480 624 696 792 1032 1320
144 216 312 384 456 696 816 1104 1224 1440
144 408 720 792 888 1080 1200 1344 1560 1632
144 216 384 552 624 744 936 1008 1128 1416
96 240 312 408 648 936 1032 1200 1272 1320
120 288 480 552 744 1008 1200 1488 1584
96 168 312 408 576 672 888 960 1320 1392 1656
96 192 456 528 624 768 1056 1224 1416
120 288 360 432 552 624 768 984 1056 1320 1416
96 168 264 408 480 576 696 792 912 1152 1224 1440 1512 1608
96 168 264 432 600 672 888 960 1056 1368 1584
192 408 528 624 816 1104 1176 1488 1560 1608
216 336 432 600 816 1008 1080 1200 1512 1584 1632
192 288 432 576 768 960 1032 1080 1224 1368 1560
120 288 432 552 792 936 1008 1128 1368 1488 1632 1680
120 312 504 576 624 768 912 1104 1320 1416 1560
96 288 552 648 816 888 984 1104 1224 1344 1512
216 288 552 624
216 312 600 816 888 1056 1128 1224 1536 1632
216 312 408 600 840 936 1248 1392 1512 1608
216 312 648 912 984 1032 1200 1440
240 312 432 696 960 1152 1224 1464 1632
216 288 528 624 792 984 1056 1344 1584 1680
240 432 504 744 912 1176 1248 1368 1632
480 576 768 912 1104 1224 1440 1608
240 312 360 648 888 1104 1224 1392 1560
168 432
168 408 552 600 720 792 912 1152 1224 1560 1656
168 528 624 744 1056 1128 1440 1512 1608
168 432 648 792 912 1152 1224 1368 1464 1560
168 432 552 624 696 984 1128 1464 1560
168 336 648 744 960 1032 1224 1344
168 336 552 816 888
168 360 480 552 720 840 936 1104 1224 1368 1464 1632
168 360 432 480 768 912 1008 1152 1368 1464 1632
168 240 456 528 792 888 1152 1248 1392 1536 1656
168 240 456 528 672 888 960 1008 1152 1296 1464
192 456 528 624 744 936 1008 1104 1296 1416 1584
168 264 408 480 600 864
168 240 504 696 960 1104 1200 1416 1632
168 312 528 720 792 936 1056 1200 1344 1416 1560
168 360 480 648 816
192 384 528 792 960 1128 1296
336
192 504 672 792 1080 1152 1224 1416 1488 1584
192 456
216 432 552 720 888 1152 1224 1272 1560
192 384 456 600 720 864 1008 1080 1224 1416 1560
312 408 600 672 768 864 984 1248 1320 1416 1536
192 408 696 984 1128 1248 1488 1584 1680
192 264 528 600 648 888 960 1224 1320 1488 1584
192 384 456 576 888 960 1008 1248 1368 1464 1632
192 264 360 696 792 936 1128 1200 1464 1560
192 264 360 672 888 1128 1344 1416 1584 1656
120 264 384 576 648 864 936 1200 1296 1560 1656
264 360 504 672 864 936 1128 1392 1584
240 360 600 792 960 1056 1128 1224 1392 1464 1656
168 240 456 528 696 840 960 1224 1464 1560 1656
264 360 528 600 648 768 912 984 1080 1320
240 432 480 768 888 960 1200 1464 1632
240 432 528 696 960 1008 1272 1440
240 312 480
240 312 480 552 792 864 1104 1176 1272 1392 1512
192 264 360 576
96 168 312 528 600 864 960 1104 1272 1344 1416
144 432 504 624 816 888 984 1128 1200 1296 1464 1536
168 360 456 600 1152 1344 1464 1560
96 312 408 744 960 1080 1152
96 336 528 696 792 864 960 1128 1200 1392 1656
144 240 336 480 648 768 864 1152 1200 1536 1680
144 240 336 480 552 720 840 1056 1128 1224 1368 1488
168 408 576 888 1008 1248 1320 1536 1608
144 240 432 528 744 1008 1272 1344 1464
144 312 504 696 816
144 312 528 720 864 1128 1296
144 456 576 672 864 960 1128 1368 1464 1608
144 456 576 864 960 1176 1248 1320 1416 1536 1608
264 360 576 648 720 816 936 1008 1176 1488 1608
144 648 744 936 1080 1272 1392 1608
144 264 384 576 744 864 1104 1272 1560
144 264 504 672 960 1128 1248 1368 1560
168 288 504 672 1176 1272 1464 1608
144 432 600 720 840 1032 1200 1320 1560
96 216 456 600 696 1008 1200 1368 1608 1680
120 240 384 528 600 744 936 1080 1296 1488 1560
120 408 720 792 912 1176 1464 1584
144 264 528 696 960 1032 1128 1440 1512 1560
144 288 408 504 768 960 1176 1344 1416 1488 1560 1608
144 216 312 432 552 672 840 960 1152 1416 1512
192 456 528 624 744 840 936 1056 1200 1488 1680
192 336 408 672 744 864 1008 1080 1248 1368 1464 1536 1632
72 240 432 696 1008 1080 1296
72 240 312 600 792 864 960 1152 1224 1320 1680
72 240 312 576 672 864 936 1032 1152 1296 1368 1656
72 216 288 480 552 648 888 960 1224 1512
72 168 432 504 720 792
72 360 432 528 648 984 1080 1368 1656
72 264 360 576 840 1104 1176 1296 1464
96 264 432 696 768 816 1104 1344 1560
144 504
120 168 408 528 816 912 1128 1464
120 288 384 600 696 888 1032 1152 1440
120 288 384 480 624 792 912 1008 1296 1344 1680
120 216 432 624 720 1056 1128 1224 1344 1584
120 216 432 624 696 792 1008 1248 1464
360 624 696 960 1032 1200 1632
360 456 648 744 792 1056 1272 1536 1608
120 312 408 600 672 720 984 1080 1296 1344 1632
168 336 576 648 768 888 1128 1272 1368 1680
312 384 480 696 768 864 984 1200
144 264 480 552 648 792 912 1080 1176 1272 1416 1488
96 216 312 432 576 672 816 888 1056 1224 1344 1488 1656
120 192 408 480 624 696 912 984 1272 1560
96 240 360 456 696 864 1056 1200 1320 1608
96 312 480 552 648 720 792 1032 1152 1440
96 288 384 624 696 744 1032 1104 1224 1512
96 192 336 432 624 696 744 936 1032 1296 1584
264 504 576 672 768 840 960 1032 1128 1440 1584 1680
216 288 408 528 768 912 1008 1320 1512 1680
168 240 360 456 528 696 792 936 1248 1464 1632
240 312 576 768 840 936 1032 1128 1200 1296 1392 1464
312 408 696 984 1080 1368 1440 1536 1656
168 408 504 672 744 984 1080 1224 1296 1416 1680
72 312 456 600 672 768 1008 1080 1320 1464 1512
72 336 432 624 888 984 1344 1488 1584
72 264 336 432 672 792 864 1104 1224 1344 1416 1560 1680
72 288 552 816 888 1008 1176 1272 1464
72 192 288 408 648 720 936 1008 1104 1224 1296 1392 1536 1608
48 144 456 672 792 864 960 1128 1296 1368 1584
48 312 408 624 696 792 1128 1224 1368 1560
48 264 360 432 504 624 960 1032 1176 1512
48 144 288 408 576 672 768 912 984 1152 1272 1488
48 192 264 456 528 696 960 1104 1176 1248 1320
48 216 288 504 576 672 984 1200 1440 1656
48 264 336
336 408 504 792 912 1056 1272 1416 1488 1608
336 600 912 1152 1320 1560 1608
336 600 912 1080 1248 1488 1536
408 504 696 960 1032 1296 1368 1512 1608
408 792 1056 1128 1392 1464 1632
72 240 312 552 648 792 864 984 1248 1440 1680
72 144 216 312 408 552 864 1008 1200 1296 1632
72 336 528 744 912 984 1056 1128 1176 1344 1488 1608
72 384 600 672 936 1032 1200 1272 1368 1560
72 240 336 552 624 984 1056 1320 1440 1512 1656
72 216 432 528 696 888 1080 1152 1200 1488 1632
72 216 288 384 552 624 792 1080 1152 1272 1464 1536
72 144 240 384 552 744 816 936 1224 1368 1464
72 192 312 504 576 624 888 1056 1128 1368 1464 1584
72 288 384 600 672 768 1056 1176 1272 1464 1584
72 264 336 552 624 792 936 1056 1320 1560 1656
72 336 408 624 696 792
168 456 576 672 912
168 432 528 696 768 864 984 1104 1224 1392 1512
144 240 504 792 864 1056 1128 1248 1416 1512 1584
168 264 456 720 864 912 1272 1464
144 264 360 720 792 912 1056
144 264 408
144 264 408 504 672 864 1056 1176 1248 1416 1536 1632
264 336 456 648 720 816 960 1032 1128 1296 1368 1536
264 408 528 768 864 960 1176 1392 1680
72 288 504 696 768 1032 1224 1488 1632
120 192 336 528 672 888 1080 1152 1296 1416 1560
168 240 360 648 792 888 984 1056 1152 1296 1464
216 504 720 816 1008 1080 1128 1392 1584
216 408 480 600 888 960 1080 1128 1392 1584
192 360 432 504 576 624 792 936 1056 1152 1416 1608
216 312 624 696 792 984 1056 1104 1368 1560
144 408 600 672 864 936 1080 1368 1560 1632
216 288 408 672 960 1032 1296 1416 1512 1584
96 144 456 528 840 936 1152 1224 1296 1344 1680
216 408 480 792 960 1080 1200 1296 1416 1464
264 624 696 1008 1080
120 192 408 480 768 1056 1200 1272 1488 1560
192 264 336 432 552 624 792 1104 1224 1512 1608
192 384 480 816 888 984 1104 1344 1488 1584
216 432 576 672 888 1080 1152 1248 1464
192 384 456 552 768 1008 1224 1368 1464
240 312 408 720 792 840 1008 1128 1392 1560
240 312 408 744 1008 1272 1344 1560 1656
144 264 456 720 816 984 1056 1152 1272 1392 1512
144 264 384 480 600 648 888 1080 1152 1464
168 264 432 672 768 912 1080 1392 1512 1608
240 336 504 576 672 864 960 1272 1488 1560
240 432 504 600 696 792 864 960 1056 1128 1392 1464
240 312 360 600 672 936 1032 1200 1296 1512 1584
216 432 528 840 912 1032 1344 1416 1584 1680
72 288 432 504 600
72 264 504 648 696 816 888 1008 1248 1320 1656
72 264 528 744 888 1008 1248 1320 1464 1560
72 264 528 648 720 792 1080 1224 1560
264 336 432 552 888 984 1272 1560 1656
240 456 720 792 1176 1272 1464 1560 1608
240 456 576 816 888 1056 1128 1320 1416 1464
168 360 480 720 864 936 1152 1224 1320 1488 1560 1656
192 288 384 792 912 1104 1176 1272 1440 1656
120 312 528 624 768 912 1104 1296 1368 1416 1560
144 336 408 528 816 960 1056 1152 1224 1320 1464
120 288 480 552 768 840 984 1200 1272 1320 1464
120 192 312 552 672 816 864 1008 1176 1320 1440 1680
120 288 408 528 624 744 888 984 1128 1200 1368 1536 1656
144 312 552 600 960 1224 1536
144 408 480 696 960 1008 1296 1368 1560 1632 1680
144 312 576 648 696 984 1224 1440 1560
144 336 528 648 720 888 1008 1104 1272 1392 1536 1632
144 336 528 600 648 936 1080 1176 1320 1536 1632
144 336 408 624 696 840 1056 1128 1176 1320 1464
144 360 552 624 744 1056 1128 1176 1416 1536 1632
144 408 600 648 936 1056 1128 1368 1632
144 408 600 696 864 1128 1176 1440
144 216 360 672 888 1056 1128 1224 1368 1560 1680
192 312 480 648 912 984 1032 1320 1560
192 288 456 648 840 912 960 1248 1392 1488 1632
240 360 480 768 1008 1248 1368 1656
168 240 384 504 648 792 864 1008 1200 1344 1560
72 240 336 624 720 792 840 984 1200 1296 1584 1656
72 216 312 504 576 624 816 912 1176 1464 1584
72 144 216 336 672 744 888 1224 1296 1512
192 456 552 816 912 1224 1296 1416 1632
264 456 528 696 960 1152 1224 1416 1488 1632
264 432 600 792 888 1200 1392 1464 1608
264 576 648 768 1032 1320 1440 1584
144 216 456 552 672 768 888 1008 1200 1272 1320 1584
96 144 384 576 648 960 1128 1248 1368 1464
96 144 360 432 648 792 888 1032 1104 1200 1296
264 336 456 672 936 1056 1128 1320 1392 1488
216 456 552 888 1152 1224 1272 1440
288 384 696 768 864 1056 1128 1248 1320 1584
168 312 576 648 960 1584 1656 1752
168 312 504 624 840 1008 1512 1608
192 288 624 840 960 1032 1152
216 408 576 672 744 840 1008 1080 1272 1536 1656
192 336 408 528 744 864 960
192 504 576 672
168 456 528 840 912 960 1176 1392 1512 1608
192 528 672 720 960 1080 1368 1464
192 288 528 600 696
192 408 480 576
192 264 456 576 768 936 1248 1344
192 288
192 288 360 552 624 720
192 288 360 576 696 816 936 1008 1104
168 264 456 552 696 960 1080 1176 1488 1584
168 264 600 672 768 888 1128 1272 1368 1584
168 240 360 432 696 1008 1104 1416 1488 1584
168 240 360 648 816 888 1056 1224 1296 1416
168 456 744 1008 1080 1200 1464
168 288 384 600 696 912 984 1080 1368 1488 1584
168 360 624 744 1008 1104 1248 1344 1488 1560
168 264 336 432 552 648 960 1032 1152 1440 1536 1632
168 240 288 360 456 672 768 1056 1152 1368 1464
168 240 288 552 648 864 912 1200 1344 1536 1632
168 240 288 552 744 984 1272 1488 1584
168 240 288 552 744 984 1080 1392 1464 1560
168 240 336 456 600 672 960 1056 1224 1296 1560 1656
168 240 336 648 1032 1104 1176 1272 1560
168 432 576 624 984 1176 1368 1464
168 432 528 888 1032 1128 1224 1488 1584
168 240 408 480 720 816 960 1032 1152 1416 1512
168 240 528 600 768 888 960 1104 1320 1392 1464 1560
168 240 456 600 696 840 912 1032 1200 1296 1608
192 264 336 624 984 1224 1296 1560 1656
216 360 456 672 864 960 1296 1368 1464 1584
192 336 432 648 840 912 1008 1224 1464
168 264 576 792 864 1128 1224 1392 1464 1560
192 264 360 480 696 1032 1104 1200
168 240 336 552 624 720 888 1080 1392 1464 1560
168 312 528 624 816 888 1128 1344 1416 1512
192 288 576 672 888 984 1176 1248 1296 1368 1464
168 312 432 720 864 1032 1128 1344 1440
168 288 432 504 600 744 864 1056 1224 1464 1536 1632
168 288 432 648 720 888 1152 1464 1536 1632
192 264 528 624 768 936 1008 1080 1200 1272 1416
192 264 408 480 696 768 1056 1344 1488 1560
192 432 648 720 888 960 1176 1248 1344 1656
192 528 744 816 912 1080 1152 1344 1656
192 312 384 480 648 816 888 1104 1176 1272 1584
192 360 456 600 768 912 984 1296 1368 1680
192 360 552 624 744 840 912 1080 1176 1320 1632
192 360 432 528 672 864 984 1152 1224 1368 1680
192 264 360 648 768 864 1056 1176 1272 1488 1584
192 264 408 504 672 864 1128 1200 1464 1536 1632
192 336 456 696 768 912 1008 1104 1296 1560
192 336 432 576 648 744 840 960 1008 1224 1296
192 336 432 576 648 768 936 1032 1344 1536 1608
216 288 408 648 720 912 984 1320 1464 1536 1632
216 360 432 648 720 816 984 1056 1152 1344 1536 1656
216 360 456 768 960 1128 1368 1440 1560 1680
240 384 552 672 792 1032 1128 1248 1416 1536 1632
144 240 552 744 816 1032 1176 1272 1416 1488 1608
144 360 624 696 792 912 1104 1176 1272 1464 1584
144 336 528 648 816
144 360 552 696 960 1128 1296
192 408 600 672 936 1128 1392 1536 1632
192 408 672 768 1032 1128 1440 1512 1632
168 264 480 744 1008 1080 1200 1368 1464
240 528 624 768 840 1032 1104 1200 1440 1512
192 456 528 912 1008 1200 1296 1344 1608
192 312 552 624 792 864 1056 1152 1200 1464
192 264 552 840 984 1056 1272 1344 1488 1560
240 408 480 720 816 936 1032 1152 1272 1464 1536 1584
240 408 672 744 840 1152 1224 1272 1440 1560
240 552 648 960 1032 1128 1320 1392 1512 1584
216 288 528 672 720 816 1056 1200 1344 1416 1512
192 264 432 504 720 792 888 1200 1416 1656
192 288 480 624 744 1032 1176 1344 1440
216 288 384 504 624 888 960 1128 1200 1440 1512
216 264 624 888 1200 1440 1608
216 264 624 888 1200 1368 1536
216 384 504 744 888 960 1248 1344 1608
216 384 456 600 696 864 1008 1128 1368 1632
216 360 432 720 816 1080 1320 1488 1608
216 312 480 672 744 1032 1272 1368 1608 1680
216 384 576 696 1056 1248 1512 1632
216 480 648 912 1104 1152 1440 1560 1632
216 288 456 528 720 816 864 1128 1344 1464
264 408 576 672 888 984 1176 1320 1440
216 312 480 552 792 888 1032 1104 1224 1488 1680
216 432 504 672 744 960 1032 1128 1440 1656
216 432 504 600 792 936 1152 1248 1440 1512
216 336 624 720 936 1272 1416 1464
216 288 552 648 864 936 1008 1296 1656
216 360 480 720 864 1104 1176 1464 1536 1656
216 504 624 840 960 1248 1416 1512 1584
264 504 744 864 1152 1416 1536 1656
264 384 528 744 888 960 1080 1440 1512 1608
264 528 600 720 984 1176 1464
264 552 696 816 1056 1152 1248 1464 1680
264 528 648 768 1056 1296 1536 1656
264 624 864 936 1200 1296 1512 1584 1656
264 432 576 696 936 1080 1320 1392 1464 1560
240 312 528 624 888 960 1056 1392 1656
288 456 576 696 792 912 960 1200 1392 1464
192 264 360 528 600 696 888 1080 1200 1440 1584 1656
240 312 408 552 840 1008 1200 1320 1416
264 384 480 600 696 864 1032 1200 1560
192 264 360 528 600 792 1104 1320 1656
192 264 360 552 696 912 1008 1200 1272 1512
192 264 456 696 864 1176 1296 1536 1608
216 288 384 528 600 720 984 1080 1272 1464 1560
240 360 432 528 768 840 936 1200 1272 1392 1680
240 432 696 840 936 1152 1368 1560 1632
240 408 576 744 960 1152 1296
240 312 408 528 720 792 888 1080 1200 1368 1584
240 312 408 528 864 960 1152 1224 1320 1416 1536
288 360 672 744 840 1032 1392 1488 1608
192 264 408 624 696 744 888 1032 1200 1392 1464
288 360
192 288 576 648 744 912 1008 1296 1392 1464 1512 1656
216
216 456 648 792 912 1152 1248
168 240 288 456 720 792 1008 1272 1320 1608 1680
168 240 336 504 720 936 1032 1128 1536 1656
384 504 696 768 864 1032 1248 1464 1560 1656
336 504 600 864 960 1080 1344 1680
336 528 792 912 1152 1320 1512 1632
336 576 648 912 1008 1224 1296 1368 1656
264 360 624 864 1032 1152 1392 1536 1608
264 360 648 744 1128 1200 1344 1440
168 264 528 816 936 1032 1176 1272 1464 1536 1584
216 504 600 768 840 888 1008 1152 1224 1320
240 312 432 600 696 888 984 1200 1464
192 264 360 456 720 792
120 192 384 456 624 888 1032 1104 1176 1248 1320
120 192 360 480 696 768 864 1008 1128 1296 1392 1488
144 216 360 432
144 240 384 552 696 768 1080 1152 1464 1680
144 384 480 624 792 1104 1224 1320 1512 1608
144 240 456 528 792 864 912 1152 1224 1488 1584
144 336 648 720 816 1008 1080 1176 1392 1464 1560
144 336 480 672 792 936 1176 1248 1320 1416 1536 1656
144 216 312 648 720 840 912 1056 1152 1392 1632
144 216 312 504 600 912 1128 1200 1464 1560
144 336 408 528 624 696 864 960 1104 1416 1632
144 216 312 456 648 768 936 1008 1152 1464 1680
144 216 432 504 600 912 1128 1368 1584 1656
144 216 264 384 528 600 696 936 1224 1320
144 288 408 672 912 1008 1104 1296 1368 1584 1656
144 288 408 648 792 1032 1104 1176 1272 1560
144 288 408 648 912 1152 1320 1392 1536 1632
120 216 360 432 624 816 1080 1200 1464 1560
120 384 504 600 912 1008 1200 1296 1488 1584
288 528 696 936 984 1344 1608
288 456 624 864 912 1272 1536
96 168 264 576 720 816 1104 1344 1416 1512 1608 1680
96 216 408 576 696 936 1104 1392 1560
96 336 504 792 960 1080 1200 1392 1560
96 288 456 576 816 984 1272 1440 1560
96 312 480 984 1080 1272 1416 1608
144 384 528 792 864 1176 1272
48 120 240 576 648 792 1128 1200 1416 1512
168 288 432 672 744 816 912 1032 1152 1320 1512 1656
168 264 336 744 816 912 1104 1272 1536 1656
168 240 336 480 552 648 816 888 1056 1344 1416 1536
192 288 552 840 984 1104 1176 1344 1488 1608
192 312 408 528 696 960 1128 1200 1440 1608 1680
144 240 384 696 912 1080 1272 1344 1464 1560 1632
120 312 456 672 864 936 1080 1200 1344 1488 1560
120 264 336 480 672 816 1032 1224 1296 1440 1560
240 504 792 888 984 1176 1272 1368 1560
120 240 384 456 552 840 912 1008 1080 1128 1416
120 192 408 480 576 744 816 912 1104 1296 1416 1656
120 336 432 624 696 936 1152 1224 1320 1512
120 240 336 576 672 768 960 1200 1296 1608
120 216 384 480 696 768 1128 1200 1464 1584 1656
120 216 360 576 672 840 1032 1224 1296 1344 1632
120 360 432 720 792 912 1152 1296 1416 1656
120 360 432 504 600 720 840 1008 1200 1344 1536 1656
120 360 432 504 600 888 1056 1200 1320 1560
144 216 288 360 408 576 720 840 936 1200 1392 1608
48 120 168 336 480 600 696 960 1152 1368 1536 1608
192 432 648 792 888 1104 1296 1368 1464
192 456 504 792 864 1056 1128 1176 1344 1608 1680
192 264 480 624 720 864 936 1032 1128 1248 1296
192 288 456 648 912 1224 1296
192 264 432 696 1008 1080 1176 1368 1488 1632
96 456 648 912 1032 1272 1440 1632
144 216 408 504 552 816 1032 1152 1392 1464
96 168 432 744 840 1152 1224 1320 1512 1584
144 456 576 816 888 1104 1176 1368 1608
144 264 360 672 744 864 960 1080 1344 1512 1584
144 264 360 528 648 792 888 1056 1248 1440 1560 1632
144 264 336 480 696 768 840 936 1128 1200 1488 1560
192 456 528 864 1056 1320 1608
192 456 552 648 864 1104 1296 1536
120 192 288 408 504 624 864 936 1152 1224 1320 1440 1512 1608
144 216 432 552 648 768 936 1200 1368 1440 1680
144 312 672 960 1080 1176 1296 1392 1560
144 216 432 504 600 912 1128 1248 1320 1416 1584
144 264 360 624 768 936 1056 1176 1416 1512 1632
144 408 480 600 864 1128 1320 1392 1632
288 384 552 792 936 1200 1272
288 912 984 1080 1272 1416 1680 1752
288 912 1272 1536 1608
288 672 744 816 912 1200 1392 1464 1560
168 240 336 432 552 816 888 984 1104 1440 1536
168 240 336 480 552 672 936 1056 1344 1512 1584
168 240 336 480 552 672 936 1056 1344 1512 1584
168 240 336 528 600 696 1056 1152 1320 1392 1680
240 336 648 720 840 1056 1272 1536 1632
240 504 576 792 888 1152 1224 1320 1656
96 168 240 528 672 1008 1104 1296 1560
96 432 528 816 1104 1200 1488 1560 1656
96 288 360 480 768 936 1008 1176 1344 1416
96 312 528 792 888 1152 1248 1560 1632
96 264 456 600 792 912 1056 1296 1368 1440 1536 1656
96 312 384 480 792 864 1008 1080 1176 1488
96 168 288 504 600 936 1152
96 288 456 696 768 864 1056 1176 1320 1392 1488 1632
96 264 360 432 600 696 960 1248 1320 1512 1584
96 384 456 528 720 792 888 1104 1416 1584
96 360 648 720 984 1104 1200 1272 1512 1584
96 360 696 1056 1224 1320 1584 1680
96 408 480 648 744 984 1200 1296 1608 1680
96 384 552 624 792 960 1032 1152 1344 1416
96 312 576 696 768 960 1032 1128 1416 1488
96 360 528 600 768 888 984 1296 1368 1488 1584
96 384 696 1032 1200 1368 1440 1608
96 288 360 408 672 840 912 1152 1248 1368 1464 1584
96 360 432 600 672 912 984 1224 1296 1392 1512
96 456 528 624 912 1032 1176 1392 1536 1608
96 336 480 552 768 840 936 1104 1176 1272 1464 1656
96 336 480 576 888 1080 1248 1488 1560 1680
96 336 480 600 840 984 1224 1296 1584 1656
96 384 624 864 984 1272 1536 1656
96 384 648 768 888 1176 1416 1656
240 312 432 720 984 1104 1176 1272 1512 1584 1680
192
600 672 768 960 1104 1368 1440 1752
600 960 1224 1296 1608
360 432 504 600 888 1080 1152 1248 1560
168 240 552 720 840 960 1056 1176 1224 1464
192 264 336 432 624 696 984 1056 1224 1344 1416 1560
288 408 504 696 792 960 1200 1296 1440 1608
288 408 696 792 1008 1080 1152 1248 1368 1440 1608
216 288 576 648 768 1008 1152 1272 1512 1656
216 288 360 456 576 696 864 1056 1200 1392 1512 1656
216 288 360 456 744 912 1056 1176 1416 1560
240 480 648 720 864 960 1128 1272 1392 1632
120 216 480 552 672 936 1008 1080 1296 1416 1512
120 192 288 384 504 552 768 840 1056 1200 1296
120 192 312 576 672 864 1056 1152 1392 1464 1560
120 192 312 576 696 984 1152 1224 1416 1488 1584
120 192 312 576 696 984 1152 1224 1416 1488 1584
120 192 312 480 576 888 1080 1152 1368 1512 1608
120 192 456 528 648 792 864 1032 1152 1248 1320 1416 1632
96 264 360 456 600 672 840 960 1176 1248 1344 1488
96 192 312 456 552 696 768 936 1104 1224 1368 1536 1656
96 216 312 432 480 720 912 984 1296 1464
96 408 480 528 768 888 984 1152 1368 1560 1632
120 240 480 552 696 792 888 1080 1344 1560
96 312 432 720 888 984 1056 1296 1584
96 192 456 600 768 888 1008 1248 1344 1464 1632
96 360 648 768 912 1200 1512 1584
96 384 528 624 720 792 888 1032 1200 1392 1464
96 384 480 576 768 864 936 1032 1152 1248 1560 1632
96 384 480 696 1032 1176 1224 1464
96 384 456 576 624 888 1080 1320 1512 1584
96 192 480 528 864 1008 1176 1272 1368 1512 1680
96 288 456 768 864 1080 1152 1344
96 360 528 792 864 960 1272 1344 1392 1560
96 336 480 552 840 936 1200 1440 1608
96 192 432 600 792 936 1056 1344 1464 1608
96 192 384 672 744 1056 1128 1176 1392 1608
96 192 384 504 600 816 912 1128 1200 1296 1584
96 168 264 504 576 672 936 1008 1128 1416 1680
144 216 408 672 792 1032 1224 1392 1488 1560 1656
240 312 528 600 696 792
240 312 360 528 768 1008 1104 1440
168
192 528 600 696 912 984 1080 1200
120 408 600 816 1080 1152 1248 1368 1464 1560 1680
120 264 456 672 768 912 1056 1248 1440 1512 1560
120 264 432 624 696 912 984 1128 1344 1416 1464
120 216 408 480 528 720 816 1080 1368 1488 1584
120 408 600 672 840 1104 1296 1368 1560 1632
120 408 576 744 936 1032 1344 1536 1608
96 240 456 600 672 792 1152 1224 1320 1608
120 240 336 528 600 696 936 1056 1128 1368 1488 1608 1680
96 192 504 576 696 984 1080 1176 1368 1464 1536 1632
96 168 312 432 528 720 792 888 1128 1248 1320 1560 1680
120 216 648 744 936 1200 1272 1536 1608
144 576 960 1224 1296 1560 1632
96 360 624 816 888 1128 1296 1560 1632
192 288 600 672 792 1104 1176 1344 1440 1680
96 216 384 504 696 960 1056 1224 1296 1392 1512
120 192 288 528 816 912 1080 1152 1200 1320
264 432 552 672 864 1032 1152 1392 1560
336 600 672 984 1608
336 408 720 792 1080
120 192 480 576 744 816 1080 1176 1368 1440 1536 1656
120 192 288 528 600 720 960 1032 1224 1296 1632
120 456 552 744 1008 1128 1200 1272 1560
120 216 312 504 768 984 1128 1248 1488 1560
120 336 528 600 744 864 1008 1152 1224 1368 1560
120 312 432 576 816 888 960 1056 1176 1296 1464 1656
120 216 312 576 672 864 1128 1224 1584
120 216 360 432 528 624 744 792 1008 1080 1296
120 216 360 432 552 720 816 1128 1320 1392 1608
120 240 528 672 840 936 1152 1248 1440
120 240 480 624 696 816 1056 1176 1320 1368 1512 1680
120 240 480 576 672 888 1104 1392 1680
120 240 480 576 816 1056 1248
120 240 504 744 840 936 1128 1200 1416 1488 1656
120 240 480 624 864 936 1224 1296 1416 1656
120 240 480 624 864 936 1008 1104 1392 1560
120 240 480 744 984 1152 1224 1368 1464 1632
120 240 504 696 960 1032 1104 1200 1488
120 240 456 552 816 1104 1248 1368 1440 1608
120 264 336 432 672 744 984 1128 1176 1272 1512
264 384 600 720 1008 1176 1272 1344 1584
312 456 528 624 864 936 1056 1296 1368 1560 1632
192 360 864 960 1152 1296 1488 1608
144 312 480 840 1128 1248 1344 1464 1560
144 312 384 600 672 768 1080 1296 1416 1488 1584
96 408 480 792 864 960 1152 1512 1608
96 240 384 456 600 792 936 1152 1344 1416 1560
144 360 576 672 768 1176 1296 1488 1560 1656
120 216 504 600 888 984 1368 1440
120 216 528 720 888 1128 1200 1320 1440 1680
192 264 624 696 960 1080 1152 1296 1392 1560 1656
168 288 456 624 816
168 312 576 744 912 1080 1296
192 264 360 504 624 792 888 984 1128 1200 1368 1488
168 360 456 648 912 1056 1104 1464
168 240 336 696 792 960 1032 1320 1512 1584 1680
168 240 336 576 648 912 1200 1296 1440 1512
168 240 336 576 696 768 1008 1128 1248 1320 1464 1584 1680
168 240 336 552 792 1008 1152 1248 1464
192 456 720 792 912 1080 1176 1368 1464
144 264 384 480 600 744 840 984 1056 1224 1392 1512 1656
240 312 600 840 912 1080 1152 1248 1560 1656
264 360 432 480 624 840 936 1224 1296 1392 1560 1656
240 336 456 720 1056 1416 1584 1680
240 312 408 696 888 984 1200 1440
240 312 576 648 792 888 1320 1416 1608
240 312 576 648 744 960 1032 1176 1272 1440 1632
240 312 576 648 816 1248 1632
240 432 504 696 768 912 1200 1392 1464 1632
192 264 336
96 240 312 408 552 672 864 1032 1272 1344 1440 1632
96 312 432 528 744 888 960
120 240 432 600 840 912 1008 1200 1320 1464 1536 1632
168 432 504 576 672 960 1104 1224 1488
168 240 480 648 912 984 1104 1368 1632
120 216 504 744 816 912 1008 1080 1200 1272 1368 1680
120 288 408 528 768 864 984 1152 1272 1368 1632
120 240 336 600 792 1008 1176 1248 1320 1392 1440 1608
120 312 408 744 840 912 984 1080 1176 1320 1632
120 192 288 528 600 840 984 1032 1128 1368 1512
120 240 432 504 720 792 1056 1152 1416 1512 1656
72 288 384 576 648 696 768 864 1080 1176 1464
72 288 384 576 720 840 1128 1272 1440
96 168 408 528 648 720 864 984 1080 1272 1344 1440 1680
96 240 288 432 600 744 864 1104 1248 1320 1440 1680
168 360 456 696 768 864 1008 1080 1200 1464 1560
168 456 552 696 864 1056 1128 1320 1584
168 432 552 792 984 1152 1248 1320 1416 1584 1656
168 432 504 768 840 936 1152 1224 1368 1464 1632
144 216 384 504 600 912 984 1104 1200 1320 1584
120 192 264 336 408 552 624 816 888 1056 1320
120 216 432 648 840 912 1176 1368 1632
240 552 792 960 1200 1248 1608
240 552 720 888 1128 1176 1536
120 240 312 480 624 744 960 1056 1320 1608
168 240 360 528 624 696 864 960 1224 1512 1584
48 168 456 528 648 696 960 1152 1392 1584
48 192 480 672 744 912 1176 1368 1440 1632
96 240 336 480 552 720 888 1008 1152 1320 1440 1560 1656
96 192 312 552 624 840 912 1008 1128 1200 1296 1440 1512 1608
72 192 336 624 816 1032 1296 1368 1464 1584 1680

